Webots Project File version R2025a
perspectives: 000000ff00000000fd0000000200000001000002a90000017afc0200000001fb0000001400540065007800740045006400690074006f007201000000150000017a0000003f00ffffff0000000300000675000001cbfc0100000001fb0000001a0043006f006e0073006f006c00650041006c006c0041006c006c0100000000000006750000006900ffffff000003ca0000017a00000001000000020000000100000008fc00000000
simulationViewPerspectives: 000000ff0000000100000002000000000000026b0100000002010000000101
sceneTreePerspectives: 000000ff00000001000000030000001e000000c0000000fa0100000002010000000201
maximizedDockId: -1
centralWidgetVisible: 1
orthographicViewHeight: 1
textFiles: -1
consoles: Console:All:All
renderingDevicePerspectives: NAO:CameraBottom;0;0.329167;0;0
renderingDevicePerspectives: NAO:CameraTop;1;0.31875;0;0
